33.11
33.11
33.11
33.16
33.16
33.32
33.22
33.53
33.27
32.69
32.26
31.62
30.88
30.46
30.30
30.19
30.41
30.25
29.79
28.93
28.23
26.80
27.70
26.76
26.22
25.38
24.89
22.18
21.34
20.25
19.15
18.05
17.40
16.68
16.01
15.46
14.71
13.83
12.99
12.37
11.81
11.39
11.04
10.77
10.56
10.43
10.36
10.36
10.43
10.64
10.64
10.84
10.91
11.54
11.67
12.37
12.92
13.41
13.83
14.72
15.27
15.75
16.22
16.55
16.68
16.81
17.27
17.92
18.64
19.35
20.07
20.59
20.98
21.24
21.37
21.63
21.95
22.14
23.09
23.41
23.59
23.65
23.77
23.07
22.95
22.90
22.71
22.58
22.26
22.26
21.87
21.94
21.62
21.29
20.97
21.09
20.57
20.50
20.44
19.92
19.41
18.89
18.18
17.47
17.47
17.01
16.95
16.82
16.88
16.62
16.68
16.48
16.61
16.68
16.61
16.75
16.81
16.87
16.87
17.13
16.94
16.94
16.95
16.95
16.70
16.90
16.90
16.90
16.96
17.02
17.08
17.34
17.34
17.54
17.73
17.67
18.06
18.26
18.65
18.84
19.29
19.10
19.16
18.83
19.03
18.84
19.16
19.30
19.23
18.91
18.84
18.32
17.99
17.92
17.86
17.73
17.79
17.86
17.86
18.06
18.25
18.25
18.25
18.52
18.38
18.25
18.32
18.19
17.80
17.61
17.41
17.22
17.22
17.22
17.41
17.54
17.87
17.94
18.00
18.06
18.19
18.13
18.32
18.52
18.52
18.52
18.51
18.32
18.12
17.99
17.86
17.99
18.12
18.25
18.32
18.38
18.19
18.19
18.19
18.37
18.31
18.24
18.17
18.11
18.04
18.04
18.04
18.05
18.05
17.86
17.86
17.86
18.05
18.24
18.44
18.44
18.44
18.31
18.19
17.86
17.73
17.60
17.40
17.20
17.40
17.79
17.92
17.99
18.25
18.52
18.32
18.58
18.90
19.23
19.36
19.55
19.54
19.61
19.28
18.76
18.76
18.37
17.98
18.05
18.11
17.85
17.91
17.91
17.65
17.52
17.39
17.72
17.98
18.18
18.64
19.03
18.96
19.16
19.41
19.22
19.35
19.35
19.42
19.29
19.49
19.23
19.23
18.83
18.44
18.05
17.92
17.53
17.27
17.20
17.07
17.27
17.40
17.65
17.85
18.18
18.05
18.31
18.37
18.70
19.02
19.35
19.48
19.87
20.26
20.26
20.32
20.65
20.78
20.71
20.66
20.59
20.33
20.08
19.81
19.81
19.81
19.81
19.81
19.81
19.81
19.81
19.81
19.82
19.82
19.82