33.51
33.62
33.09
33.09
33.14
33.31
33.46
33.88
33.88
33.88
33.88
33.51
33.25
32.62
31.99
31.51
31.2
30.77
30.51
30.3
29.98
29.29
28.48
28.07
28.92
28.11
27.28
26.44
25.05
22.34
20.78
19.61
18.51
17.39
16.27
15.26
14.17
13.2
12.36
11.39
10.64
9.94
9.32
8.77
8.03
7.56
7.36
6.96
6.63
6.63
6.43
6.36
6.36
6.49
6.69
7.02
7.22
7.62
8.16
8.64
9.25
9.74
10.36
10.92
11.54
12.44
13.55
14.71
15.47
16.23
16.82
17.79
18.57
19.61
20.65
21.67
22.65
25.24
27.75
30.2
30.96
30.96
29.77
28.87
27.37
27.26
27.44
27.37
27.43
27.08
27.13
26.89
26.48
25.61
27.45
26.69
26.33
25.91
25.38
23.12
23.06
22.76
22.26
21.8
21.22
20.26
19.28
18.31
17.53
16.94
16.55
16.08
15.81
15.12
14.3
13.95
13.4
12.98
12.7
12.56
12.15
12.16
12.02
12.02
12.16
12.23
12.44
12.78
12.99
13.05
13.61
14.09
14.51
15.13
15.95
16.35
16.48
16.55
16.68
16.61
16.81
17.46
18.1
18.76
19.35
19.93
20.51
20.9
21.29
21.74
22.77
23.25
23.63
23.89
24.19
23.66
23.42
23.48
23.48
24.13
24.3
24.18
24.71
24.52
23.51
22.9
22.58
21.36
20.97
20.65
20.13
19.41
18.95
18.43
17.66
17.34
17.14
16.82
16.5
16.5
16.17
15.98
15.98
16.04
15.83
15.76
15.61
15.41
15.14
15.34
15.49
15.56
15.76
15.97
16.04
16.31
16.57
16.57
16.77
16.7
16.64
16.77
17.15
17.28
17.86
18.19
18.71
18.97
19.42
19.62
20.01
20.4
20.59
21.11
21.44
21.64
21.63
22.15
22.02
22.01
22.14
22.21
21.88
21.88
21.75
21.62
21.3
21.04
20.78
20.79
20.59
20.59
20.59
20.4
19.94
19.68
19.03
18.65
18.26
17.87
17.54
17.42
17.22
16.96
16.83
16.82
16.95
16.76
16.76
16.95
16.89
16.76
16.82
16.82
16.82
16.76
16.89
17.28
17.66
17.99
18.31
18.7
19.03
19.35
19.48
19.68
19.62
19.42
19.49
19.62
19.74
19.94
20.13
20.13
20.14
20.14
20.14
20.14
20.14
20.14
20.15
20.15
20.14
20.14
20.13
20.13
20.13
20.13
20.13
20.14
20.14
20.13
20.13
20.12
20.12
20.12
20.12
20.12
20.12
20.12
20.13
20.13
20.13
20.14
20.14
20.14
20.14
20.13
20.13
20.13
20.13
20.13
20.13
20.13
20.13